10.0 70.0 -33
12.8 70.0 0
15.600000000000001 70.0 0
18.4 70.0 0
21.200000000000003 70.0 0
24.0 70.0 0
26.8 70.0 0
29.6 70.0 0
32.400000000000006 70.0 0
32.400000000000006 70.0 33
10.0 75.6 -33
12.8 75.6 0
15.600000000000001 75.6 0
18.4 75.6 0
21.200000000000003 75.6 0
24.0 75.6 0
26.8 75.6 0
29.6 75.6 0
32.400000000000006 75.6 0
32.400000000000006 75.6 33
10.0 81.2 -33
12.8 81.2 0
15.600000000000001 81.2 0
18.4 81.2 0
21.200000000000003 81.2 0
24.0 81.2 0
26.8 81.2 0
29.6 81.2 0
32.400000000000006 81.2 0
32.400000000000006 81.2 33
10.0 86.8 -33
12.8 86.8 0
15.600000000000001 86.8 0
18.4 86.8 0
21.200000000000003 86.8 0
24.0 86.8 0
26.8 86.8 0
29.6 86.8 0
32.400000000000006 86.8 0
32.400000000000006 86.8 33
10.0 70.0 -33
10.0 72.8 0
10.0 75.6 0
10.0 78.4 0
10.0 81.2 0
10.0 84.0 0
10.0 86.8 0
10.0 89.6 0
10.0 92.4 0
10.0 92.4 33
15.600000000000001 70.0 -33
15.600000000000001 72.8 0
15.600000000000001 75.6 0
15.600000000000001 78.4 0
15.600000000000001 81.2 0
15.600000000000001 84.0 0
15.600000000000001 86.8 0
15.600000000000001 89.6 0
15.600000000000001 92.4 0
15.600000000000001 92.4 33
21.200000000000003 70.0 -33
21.200000000000003 72.8 0
21.200000000000003 75.6 0
21.200000000000003 78.4 0
21.200000000000003 81.2 0
21.200000000000003 84.0 0
21.200000000000003 86.8 0
21.200000000000003 89.6 0
21.200000000000003 92.4 0
21.200000000000003 92.4 33
26.8 70.0 -33
26.8 72.8 0
26.8 75.6 0
26.8 78.4 0
26.8 81.2 0
26.8 84.0 0
26.8 86.8 0
26.8 89.6 0
26.8 92.4 0
26.8 92.4 33
