10.0 70.0 -33
10.8 70.0 0
11.6 70.0 0
12.4 70.0 0
13.2 70.0 0
14.0 70.0 0
14.8 70.0 0
15.600000000000001 70.0 0
16.4 70.0 0
17.2 70.0 0
18.0 70.0 0
18.8 70.0 0
19.6 70.0 0
20.4 70.0 0
20.4 70.0 33
20.08 70.0 -33
20.08 70.8 0
20.08 71.6 0
20.08 72.4 0
20.08 73.2 0
20.08 74.0 0
20.08 74.8 0
20.08 75.6 0
20.08 76.4 0
20.08 77.2 0
20.08 78.0 0
20.08 78.8 0
20.08 79.6 0
20.08 80.4 0
20.08 81.2 0
20.08 82.0 0
20.08 82.8 0
20.08 83.6 0
20.08 84.4 0
20.08 84.4 33
20.08 84.256 -33
19.28 84.256 0
18.48 84.256 0
17.68 84.256 0
16.88 84.256 0
16.08 84.256 0
15.280000000000001 84.256 0
14.48 84.256 0
13.68 84.256 0
12.879999999999999 84.256 0
12.08 84.256 0
11.28 84.256 0
10.48 84.256 0
9.68 84.256 0
9.68 84.256 33
10.0 84.256 -33
10.0 83.456 0
10.0 82.656 0
10.0 81.856 0
10.0 81.056 0
10.0 80.256 0
10.0 79.456 0
10.0 78.656 0
10.0 77.856 0
10.0 77.056 0
10.0 76.256 0
10.0 75.456 0
10.0 74.656 0
10.0 73.856 0
10.0 73.056 0
10.0 72.256 0
10.0 71.456 0
10.0 70.656 0
10.0 69.856 0
10.0 69.856 33
