# Hershey stroke text trail
# font_name=timesi, font_size=14
# char_spacing=1.0, word_spacing=3.0, line_spacing=15.0
14.5000 84.0000 33
14.5000 84.0000 -33
11.5000 73.5000 -33
11.5000 73.5000 33
15.0000 84.0000 33
15.0000 84.0000 -33
12.0000 73.5000 -33
12.0000 73.5000 33
13.0000 84.0000 33
13.0000 84.0000 -33
16.5000 84.0000 -33
16.5000 84.0000 33
10.0000 73.5000 33
10.0000 73.5000 -33
13.5000 73.5000 -33
13.5000 73.5000 33
23.0000 84.0000 33
23.0000 84.0000 -33
21.0000 77.0000 -33
20.5000 75.0000 -33
20.5000 74.0000 -33
21.0000 73.5000 -33
22.5000 73.5000 -33
23.5000 74.5000 -33
24.0000 75.5000 -33
24.0000 75.5000 33
23.5000 84.0000 33
23.5000 84.0000 -33
21.5000 77.0000 -33
21.0000 75.0000 -33
21.0000 74.0000 -33
21.5000 73.5000 -33
21.5000 73.5000 33
21.5000 84.0000 33
21.5000 84.0000 -33
23.5000 84.0000 -33
23.5000 84.0000 33
28.0000 80.5000 33
28.0000 80.5000 -33
26.5000 80.0000 -33
25.5000 78.5000 -33
25.0000 77.0000 -33
25.0000 75.5000 -33
25.5000 74.5000 -33
26.0000 74.0000 -33
27.0000 73.5000 -33
28.0000 73.5000 -33
29.5000 74.0000 -33
30.5000 75.5000 -33
31.0000 77.0000 -33
31.0000 78.5000 -33
30.5000 79.5000 -33
30.0000 80.0000 -33
29.0000 80.5000 -33
28.0000 80.5000 -33
27.0000 80.0000 -33
26.0000 78.5000 -33
25.5000 77.0000 -33
25.5000 75.0000 -33
26.0000 74.0000 -33
26.0000 74.0000 33
28.0000 73.5000 33
28.0000 73.5000 -33
29.0000 74.0000 -33
30.0000 75.5000 -33
30.5000 77.0000 -33
30.5000 79.0000 -33
30.0000 80.0000 -33
30.0000 80.0000 33
32.0000 78.5000 33
32.0000 78.5000 -33
32.5000 79.5000 -33
33.5000 80.5000 -33
35.0000 80.5000 -33
35.5000 80.0000 -33
35.5000 78.5000 -33
34.5000 75.5000 -33
34.5000 74.5000 -33
35.5000 73.5000 -33
35.5000 73.5000 33
34.5000 80.5000 33
34.5000 80.5000 -33
35.0000 80.0000 -33
35.0000 78.5000 -33
34.0000 75.5000 -33
34.0000 74.5000 -33
34.5000 74.0000 -33
35.5000 73.5000 -33
36.0000 73.5000 -33
37.5000 74.0000 -33
38.5000 75.0000 -33
39.5000 76.5000 -33
40.0000 78.5000 -33
40.0000 80.5000 -33
39.5000 80.5000 -33
40.0000 79.5000 -33
40.0000 79.5000 33
41.5000 76.0000 33
41.5000 76.0000 -33
43.5000 76.5000 -33
45.0000 77.0000 -33
46.5000 78.0000 -33
47.0000 79.0000 -33
46.5000 80.0000 -33
45.5000 80.5000 -33
44.0000 80.5000 -33
42.5000 80.0000 -33
41.5000 78.5000 -33
41.0000 77.0000 -33
41.0000 75.5000 -33
41.5000 74.5000 -33
42.0000 74.0000 -33
43.0000 73.5000 -33
44.0000 73.5000 -33
45.5000 74.0000 -33
46.5000 75.0000 -33
46.5000 75.0000 33
44.0000 80.5000 33
44.0000 80.5000 -33
43.0000 80.0000 -33
42.0000 78.5000 -33
41.5000 77.0000 -33
41.5000 75.0000 -33
42.0000 74.0000 -33
42.0000 74.0000 33
51.0000 78.5000 33
51.0000 78.5000 -33
51.5000 79.5000 -33
52.5000 80.5000 -33
54.0000 80.5000 -33
54.5000 80.0000 -33
54.5000 78.5000 -33
53.5000 75.5000 -33
53.5000 74.5000 -33
54.5000 73.5000 -33
54.5000 73.5000 33
53.5000 80.5000 33
53.5000 80.5000 -33
54.0000 80.0000 -33
54.0000 78.5000 -33
53.0000 75.5000 -33
53.0000 74.5000 -33
53.5000 74.0000 -33
54.5000 73.5000 -33
55.5000 73.5000 -33
56.5000 74.0000 -33
57.5000 75.0000 -33
58.5000 77.0000 -33
58.5000 77.0000 33
60.0000 80.5000 33
60.0000 80.5000 -33
58.0000 73.5000 -33
57.5000 72.0000 -33
56.5000 70.5000 -33
55.0000 70.0000 -33
53.5000 70.0000 -33
52.5000 70.5000 -33
52.0000 71.0000 -33
52.0000 71.5000 -33
52.5000 72.0000 -33
53.0000 71.5000 -33
52.5000 71.0000 -33
52.5000 71.0000 33
59.5000 80.5000 33
59.5000 80.5000 -33
57.5000 73.5000 -33
57.0000 72.0000 -33
56.0000 70.5000 -33
55.0000 70.0000 -33
55.0000 70.0000 33
64.0000 80.5000 33
64.0000 80.5000 -33
62.5000 80.0000 -33
61.5000 78.5000 -33
61.0000 77.0000 -33
61.0000 75.5000 -33
61.5000 74.5000 -33
62.0000 74.0000 -33
63.0000 73.5000 -33
64.0000 73.5000 -33
65.5000 74.0000 -33
66.5000 75.5000 -33
67.0000 77.0000 -33
67.0000 78.5000 -33
66.5000 79.5000 -33
66.0000 80.0000 -33
65.0000 80.5000 -33
64.0000 80.5000 -33
63.0000 80.0000 -33
62.0000 78.5000 -33
61.5000 77.0000 -33
61.5000 75.0000 -33
62.0000 74.0000 -33
62.0000 74.0000 33
64.0000 73.5000 33
64.0000 73.5000 -33
65.0000 74.0000 -33
66.0000 75.5000 -33
66.5000 77.0000 -33
66.5000 79.0000 -33
66.0000 80.0000 -33
66.0000 80.0000 33
68.0000 78.5000 33
68.0000 78.5000 -33
68.5000 79.5000 -33
69.5000 80.5000 -33
71.0000 80.5000 -33
71.5000 80.0000 -33
71.5000 78.5000 -33
70.5000 75.5000 -33
70.5000 74.5000 -33
71.5000 73.5000 -33
71.5000 73.5000 33
70.5000 80.5000 33
70.5000 80.5000 -33
71.0000 80.0000 -33
71.0000 78.5000 -33
70.0000 75.5000 -33
70.0000 74.5000 -33
70.5000 74.0000 -33
71.5000 73.5000 -33
72.5000 73.5000 -33
73.5000 74.0000 -33
74.5000 75.0000 -33
75.5000 77.0000 -33
76.5000 80.5000 -33
76.5000 80.5000 33
75.5000 77.0000 33
75.5000 77.0000 -33
75.0000 75.0000 -33
75.0000 74.0000 -33
75.5000 73.5000 -33
77.0000 73.5000 -33
78.0000 74.5000 -33
78.5000 75.5000 -33
78.5000 75.5000 33
77.0000 80.5000 33
77.0000 80.5000 -33
76.0000 77.0000 -33
75.5000 75.0000 -33
75.5000 74.0000 -33
76.0000 73.5000 -33
76.0000 73.5000 33
80.0000 74.5000 33
80.0000 74.5000 -33
79.5000 74.0000 -33
80.0000 73.5000 -33
80.5000 74.0000 -33
80.0000 74.5000 -33
80.0000 74.5000 33
