# Chinese stroke text trail
# font_name=hanziwriter, char_size=9.0
# char_spacing=2.0, line_spacing=14.0
12.7861 77.1367 33
12.7861 77.1367 -33
13.0059 76.9082 0
13.1025 76.6709 0
12.6631 75.8271 0
11.5908 74.2627 0
10.5977 73.2256 0
10.5977 73.2256 33
12.3994 74.9043 33
12.3994 74.9043 -33
12.5049 74.3506 0
12.4961 73.8760 0
12.3994 72.1357 0
12.2500 71.0811 0
12.2852 70.3604 0
12.2852 70.3604 33
14.8867 77.2773 33
14.8867 77.2773 -33
15.0449 77.1807 0
15.2295 76.8818 0
15.1328 76.5566 0
14.2275 74.6670 0
13.5684 73.7881 0
13.5684 73.7881 33
14.5088 74.6758 33
14.5088 74.6758 -33
16.1875 75.1416 0
16.9961 75.2471 0
17.2686 74.9482 0
16.5566 74.0430 0
16.5566 74.0430 33
15.1504 74.0693 33
15.1504 74.0693 -33
15.5547 73.6211 0
15.5107 70.6416 0
15.3086 70.2637 0
14.3066 70.7471 0
14.3066 70.7471 33
13.9990 72.7773 33
13.9990 72.7773 -33
13.8408 72.1357 0
13.4893 71.3271 0
13.4893 71.3271 33
16.5215 72.8652 33
16.5215 72.8652 -33
17.5234 71.8984 0
17.7168 71.3535 0
17.7168 71.3535 33
23.4785 76.9258 33
23.4785 76.9258 -33
23.6982 76.7588 0
23.8740 76.4424 0
23.3203 74.0869 0
22.8984 72.8213 0
23.0654 72.6191 0
24.3926 71.7051 0
24.6123 71.4590 0
24.7266 71.1689 0
24.7266 71.1689 33
24.4277 74.8867 33
24.4277 74.8867 -33
24.6650 74.6582 0
24.7090 74.4297 0
24.4014 73.1729 0
23.9707 72.2412 0
23.2852 71.4502 0
22.8105 71.1162 0
22.2041 70.8525 0
22.2041 70.8525 33
21.5186 74.0166 33
21.5186 74.0166 -33
21.9404 73.8145 0
24.2783 74.3154 0
24.3398 74.4033 0
24.3398 74.4033 33
25.3330 75.7656 33
25.3330 75.7656 -33
25.8340 75.6602 0
26.9766 76.0820 0
27.5303 76.1172 0
27.7764 75.8799 0
26.9238 74.7021 0
26.8271 74.7109 0
26.8271 74.7109 33
26.3877 74.6582 33
26.3877 74.6582 -33
26.7920 74.3857 0
27.0381 73.7969 0
27.2490 72.5400 0
27.2314 71.4590 0
27.0820 70.8086 0
26.9062 70.5186 0
26.6953 70.3604 0
25.8428 70.7471 0
25.8428 70.7471 33
24.9463 73.3750 33
24.9463 73.3750 -33
25.4297 73.3135 0
28.5586 73.7529 0
29.4375 73.6211 0
29.4375 73.6211 33
