# Chinese stroke text trail
# font_name=hanziwriter, char_size=9.0
# char_spacing=2.0, line_spacing=14.0
12.7861 77.1367 33
12.7861 77.1367 -33
13.0059 76.9082 0
13.1025 76.6709 0
12.6631 75.8271 0
11.5908 74.2627 0
10.5977 73.2256 0
10.5977 73.2256 33
12.3994 74.9043 33
12.3994 74.9043 -33
12.5049 74.3506 0
12.4961 73.8760 0
12.3994 72.1357 0
12.2500 71.0811 0
12.2852 70.3604 0
12.2852 70.3604 33
14.8867 77.2773 33
14.8867 77.2773 -33
15.0449 77.1807 0
15.2295 76.8818 0
15.1328 76.5566 0
14.2275 74.6670 0
13.5684 73.7881 0
13.5684 73.7881 33
14.5088 74.6758 33
14.5088 74.6758 -33
16.1875 75.1416 0
16.9961 75.2471 0
17.2686 74.9482 0
16.5566 74.0430 0
16.5566 74.0430 33
15.1504 74.0693 33
15.1504 74.0693 -33
15.5547 73.6211 0
15.5107 70.6416 0
15.3086 70.2637 0
14.3066 70.7471 0
14.3066 70.7471 33
13.9990 72.7773 33
13.9990 72.7773 -33
13.8408 72.1357 0
13.4893 71.3271 0
13.4893 71.3271 33
16.5215 72.8652 33
16.5215 72.8652 -33
17.5234 71.8984 0
17.7168 71.3535 0
17.7168 71.3535 33
23.4785 76.9258 33
23.4785 76.9258 -33
23.6982 76.7588 0
23.8740 76.4424 0
23.3203 74.0869 0
22.8984 72.8213 0
23.0654 72.6191 0
24.3926 71.7051 0
24.6123 71.4590 0
24.7266 71.1689 0
24.7266 71.1689 33
24.4277 74.8867 33
24.4277 74.8867 -33
24.6650 74.6582 0
24.7090 74.4297 0
24.4014 73.1729 0
23.9707 72.2412 0
23.2852 71.4502 0
22.8105 71.1162 0
22.2041 70.8525 0
22.2041 70.8525 33
21.5186 74.0166 33
21.5186 74.0166 -33
21.9404 73.8145 0
24.2783 74.3154 0
24.3398 74.4033 0
24.3398 74.4033 33
25.3330 75.7656 33
25.3330 75.7656 -33
25.8340 75.6602 0
26.9766 76.0820 0
27.5303 76.1172 0
27.7764 75.8799 0
26.9238 74.7021 0
26.8271 74.7109 0
26.8271 74.7109 33
26.3877 74.6582 33
26.3877 74.6582 -33
26.7920 74.3857 0
27.0381 73.7969 0
27.2490 72.5400 0
27.2314 71.4590 0
27.0820 70.8086 0
26.9062 70.5186 0
26.6953 70.3604 0
25.8428 70.7471 0
25.8428 70.7471 33
24.9463 73.3750 33
24.9463 73.3750 -33
25.4297 73.3135 0
28.5586 73.7529 0
29.4375 73.6211 0
29.4375 73.6211 33
33.7051 75.2559 33
33.7051 75.2559 -33
34.0127 75.0273 0
34.0742 74.8604 0
34.5928 72.8389 0
34.5928 72.8389 33
34.3027 75.1943 33
34.3027 75.1943 -33
34.4697 75.0889 0
36.1396 75.3701 0
38.5127 75.6074 0
38.8291 75.2383 0
38.4336 74.0430 0
38.1699 73.9199 0
38.1699 73.9199 33
34.7773 73.0762 33
34.7773 73.0762 -33
34.9004 73.2080 0
38.0557 73.5947 0
38.7500 73.4980 0
38.7500 73.4980 33
35.9463 77.2334 33
35.9463 77.2334 -33
36.1836 77.1807 0
36.5088 76.8643 0
36.3857 69.9121 0
36.3857 69.9121 33
46.4277 77.2773 33
46.4277 77.2773 -33
47.2627 76.8027 0
47.5176 76.4336 0
47.5176 76.4336 33
44.6436 74.8340 33
44.6436 74.8340 -33
45.2764 74.7725 0
48.9590 75.4844 0
49.7148 75.4316 0
49.7148 75.4316 33
47.4121 74.9131 33
47.4121 74.9131 -33
47.7812 74.5264 0
47.7725 74.0605 0
47.5088 73.0234 0
47.0078 72.0830 0
46.4102 71.5293 0
45.9092 71.2393 0
45.1973 70.9668 0
44.1074 70.7559 0
44.1074 70.7559 33
45.3818 73.7705 33
45.3818 73.7705 -33
45.9531 73.4980 0
47.9307 71.5732 0
49.1260 70.7119 0
49.4072 70.5889 0
49.9346 70.5186 0
51.4727 70.4307 0
51.4727 70.4307 33
55.0635 73.4541 33
55.0635 73.4541 -33
55.6963 73.2695 0
57.6650 73.5332 0
61.2686 73.8145 0
62.0859 73.5244 0
62.0859 73.5244 33
67.5752 75.1592 33
67.5752 75.1592 -33
68.3926 75.1064 0
71.0469 75.5635 0
71.4424 75.5283 0
71.4424 75.5283 33
66.1074 71.9248 33
66.1074 71.9248 -33
66.7139 71.7578 0
69.1221 72.0742 0
72.2334 72.3115 0
73.0508 72.0215 0
73.0508 72.0215 33
78.7773 75.7568 33
78.7773 75.7568 -33
79.2256 75.6689 0
79.6562 75.6953 0
81.8008 76.0820 0
82.3457 76.0820 0
82.3457 76.0820 33
78.9092 73.5771 33
78.9092 73.5771 -33
79.2959 73.5596 0
81.5195 73.8936 0
82.1523 73.7969 0
82.1523 73.7969 33
77.1162 71.3359 33
77.1162 71.3359 -33
77.7139 71.2217 0
80.3945 71.5645 0
83.4355 71.7930 0
84.3936 71.5293 0
84.3936 71.5293 33
91.2451 76.4688 33
91.2451 76.4688 -33
91.4648 76.1699 0
91.4912 75.9590 0
91.1572 74.8516 0
90.5859 73.6562 0
89.8828 72.6631 0
89.3818 72.1445 0
88.2656 71.2217 0
87.6328 70.8350 0
87.6328 70.8350 33
91.1660 74.1924 33
91.1660 74.1924 -33
91.3066 73.8584 0
92.0186 72.9268 0
93.0732 71.7578 0
93.6182 71.2744 0
94.0137 71.0459 0
95.6660 70.7910 0
95.6660 70.7910 33
99.8457 74.0254 33
99.8457 74.0254 -33
100.3555 73.9814 0
104.3193 74.6934 0
105.1191 74.5439 0
105.1191 74.5439 33
101.6562 77.1191 33
101.6562 77.1191 -33
101.9023 77.0225 0
102.2363 76.6709 0
102.1221 74.5527 0
101.7441 72.8125 0
101.3926 72.0303 0
100.6982 71.2305 0
99.7754 70.5889 0
99.2129 70.3604 0
99.2129 70.3604 33
102.2715 73.7793 33
102.2715 73.7793 -33
102.3945 73.4541 0
103.0625 72.4961 0
104.3457 71.0371 0
104.8027 70.6768 0
106.3760 70.3691 0
106.3760 70.3691 33
111.8652 76.1348 33
111.8652 76.1348 -33
112.5420 76.0732 0
114.7480 76.5127 0
115.3896 76.5391 0
115.3896 76.5391 33
110.5732 73.7002 33
110.5732 73.7002 -33
111.0918 73.6387 0
113.5615 74.0605 0
115.5830 74.3066 0
116.3740 74.1484 0
116.3740 74.1484 33
112.8496 75.8359 33
112.8496 75.8359 -33
113.3154 75.5635 0
113.0957 73.5244 0
112.7266 72.3555 0
112.4629 71.8984 0
111.9883 71.3887 0
110.8633 70.7646 0
110.1777 70.5537 0
110.1777 70.5537 33
113.4385 73.7881 33
113.4385 73.7881 -33
113.6846 73.2168 0
114.2383 72.3730 0
115.2754 71.0723 0
115.7764 70.6855 0
117.3232 70.3076 0
117.3232 70.3076 33
124.2539 76.7939 33
124.2539 76.7939 -33
124.6846 76.4160 0
124.6143 74.7900 0
124.6406 70.7910 0
124.4824 70.4746 0
123.1465 70.9844 0
123.1465 70.9844 33
122.4609 74.1836 33
122.4609 74.1836 -33
122.2324 73.5596 0
121.4941 72.4082 0
121.4941 72.4082 33
126.2314 74.3418 33
126.2314 74.3418 -33
127.4531 73.3398 0
127.7256 72.7334 0
127.7256 72.7334 33
