# Chinese stroke text trail
# font_name=hanziwriter, char_size=9.0
# char_spacing=2.0, line_spacing=14.0
13.9727 77.3740 33
13.9727 77.3740 -33
14.2715 76.9785 0
14.0430 76.3809 0
13.3311 75.1943 0
12.6279 74.2891 0
12.0303 73.6738 0
11.0986 72.8828 0
10.5273 72.5225 0
10.5273 72.5225 33
14.4824 76.4160 33
14.4824 76.4160 -33
14.4824 76.2930 0
15.3086 75.3086 0
16.1348 74.3945 0
16.8467 73.7617 0
18.6748 73.3926 0
18.6748 73.3926 33
13.8408 74.4473 33
13.8408 74.4473 -33
14.5000 73.9111 0
14.6318 73.6914 0
14.6318 73.6914 33
12.3906 72.3379 33
12.3906 72.3379 -33
12.9268 72.1885 0
15.1943 72.7510 0
15.4404 72.7510 0
15.6426 72.6016 0
15.7041 72.5137 0
15.6602 72.3643 0
14.8516 70.7119 0
14.5000 70.1758 0
14.3594 69.7100 0
14.3594 69.7100 33
23.8652 76.1348 33
23.8652 76.1348 -33
24.5420 76.0732 0
26.7480 76.5127 0
27.3896 76.5391 0
27.3896 76.5391 33
22.5732 73.7002 33
22.5732 73.7002 -33
23.0918 73.6387 0
25.5615 74.0605 0
27.5830 74.3066 0
28.3740 74.1484 0
28.3740 74.1484 33
24.8496 75.8359 33
24.8496 75.8359 -33
25.3154 75.5635 0
25.0957 73.5244 0
24.7266 72.3555 0
24.4629 71.8984 0
23.9883 71.3887 0
22.8633 70.7646 0
22.1777 70.5537 0
22.1777 70.5537 33
25.4385 73.7881 33
25.4385 73.7881 -33
25.6846 73.2168 0
26.2383 72.3730 0
27.2754 71.0723 0
27.7764 70.6855 0
29.3232 70.3076 0
29.3232 70.3076 33
34.8652 76.1348 33
34.8652 76.1348 -33
35.5420 76.0732 0
37.7480 76.5127 0
38.3896 76.5391 0
38.3896 76.5391 33
33.5732 73.7002 33
33.5732 73.7002 -33
34.0918 73.6387 0
36.5615 74.0605 0
38.5830 74.3066 0
39.3740 74.1484 0
39.3740 74.1484 33
35.8496 75.8359 33
35.8496 75.8359 -33
36.3154 75.5635 0
36.0957 73.5244 0
35.7266 72.3555 0
35.4629 71.8984 0
34.9883 71.3887 0
33.8633 70.7646 0
33.1777 70.5537 0
33.1777 70.5537 33
36.4385 73.7881 33
36.4385 73.7881 -33
36.6846 73.2168 0
37.2383 72.3730 0
38.2754 71.0723 0
38.7764 70.6855 0
40.3232 70.3076 0
40.3232 70.3076 33
46.1113 77.3037 33
46.1113 77.3037 -33
46.3486 76.9346 0
46.0410 76.2402 0
45.3555 75.3438 0
44.4854 74.6318 0
44.4854 74.6318 33
46.1113 75.8711 33
46.1113 75.8711 -33
46.9814 75.9414 0
48.7305 76.3457 0
49.1172 76.3457 0
49.1172 76.3457 33
45.7422 74.8252 33
45.7422 74.8252 -33
46.5068 74.8340 0
47.9395 75.2295 0
48.3086 75.2295 0
48.3086 75.2295 33
44.6699 73.4805 33
44.6699 73.4805 -33
44.9600 73.3926 0
45.2939 73.4102 0
48.1768 74.1484 0
48.5547 74.1309 0
48.6689 73.9814 0
48.4316 72.7246 0
48.4492 72.1445 0
48.5986 71.4414 0
48.8711 70.8789 0
49.0820 70.6328 0
49.4336 70.3691 0
49.9258 70.1846 0
50.3389 70.1230 0
50.8486 70.2549 0
51.0156 71.8984 0
51.0156 71.8984 33
56.6455 77.1191 33
56.6455 77.1191 -33
56.8652 76.7061 0
56.5225 76.1875 0
55.6523 75.2383 0
55.0635 74.7900 0
55.0635 74.7900 33
56.6719 75.1064 33
56.6719 75.1064 -33
56.9355 74.6582 0
56.5576 74.0605 0
55.4941 72.7510 0
54.9756 72.2236 0
54.4658 71.8457 0
54.4658 71.8457 33
56.2939 73.2520 33
56.2939 73.2520 -33
56.2939 73.0322 0
56.4258 72.7422 0
56.2588 70.6592 0
56.3027 70.0527 0
56.3027 70.0527 33
58.4209 76.4775 33
58.4209 76.4775 -33
58.6230 76.3721 0
60.1084 76.7500 0
60.4688 76.4336 0
59.9326 74.1484 0
59.9326 74.1484 33
58.5264 75.1680 33
58.5264 75.1680 -33
59.0010 75.3877 0
59.4844 75.4053 0
59.4844 75.4053 33
58.5352 74.2803 33
58.5352 74.2803 -33
58.8340 74.2275 0
59.6953 74.4473 0
59.6953 74.4473 33
57.8584 76.5566 33
57.8584 76.5566 -33
58.2012 76.1348 0
58.2803 74.9131 0
58.2803 73.5771 0
58.1133 70.7646 0
58.6055 70.8789 0
59.6338 71.4590 0
59.6338 71.4590 33
60.8994 74.4648 33
60.8994 74.4648 -33
61.1191 74.1221 0
61.0752 74.0254 0
60.5830 73.5332 0
59.9150 72.9971 0
59.8359 73.0059 0
59.8359 73.0059 33
58.4912 74.2188 33
58.4912 74.2188 -33
58.6055 73.9551 0
59.9062 72.5225 0
61.0137 71.5469 0
61.5234 71.3711 0
62.5430 71.2656 0
62.5430 71.2656 33
67.4785 76.9258 33
67.4785 76.9258 -33
67.6982 76.7588 0
67.8740 76.4424 0
67.3203 74.0869 0
66.8984 72.8213 0
67.0654 72.6191 0
68.3926 71.7051 0
68.6123 71.4590 0
68.7266 71.1689 0
68.7266 71.1689 33
68.4277 74.8867 33
68.4277 74.8867 -33
68.6650 74.6582 0
68.7090 74.4297 0
68.4014 73.1729 0
67.9707 72.2412 0
67.2852 71.4502 0
66.8105 71.1162 0
66.2041 70.8525 0
66.2041 70.8525 33
65.5186 74.0166 33
65.5186 74.0166 -33
65.9404 73.8145 0
68.2783 74.3154 0
68.3398 74.4033 0
68.3398 74.4033 33
69.3330 75.7656 33
69.3330 75.7656 -33
69.8340 75.6602 0
70.9766 76.0820 0
71.5303 76.1172 0
71.7764 75.8799 0
70.9238 74.7021 0
70.8271 74.7109 0
70.8271 74.7109 33
70.3877 74.6582 33
70.3877 74.6582 -33
70.7920 74.3857 0
71.0381 73.7969 0
71.2490 72.5400 0
71.2314 71.4590 0
71.0820 70.8086 0
70.9062 70.5186 0
70.6953 70.3604 0
69.8428 70.7471 0
69.8428 70.7471 33
68.9463 73.3750 33
68.9463 73.3750 -33
69.4297 73.3135 0
72.5586 73.7529 0
73.4375 73.6211 0
73.4375 73.6211 33
