# Chinese stroke text trail
# font_name=hanziwriter, char_size=9.0
# char_spacing=2.0, line_spacing=14.0
12.7861 77.1367 33
12.7861 77.1367 -33
13.0059 76.9082 0
13.1025 76.6709 0
12.6631 75.8271 0
11.5908 74.2627 0
10.5977 73.2256 0
10.5977 73.2256 33
12.3994 74.9043 33
12.3994 74.9043 -33
12.5049 74.3506 0
12.4961 73.8760 0
12.3994 72.1357 0
12.2500 71.0811 0
12.2852 70.3604 0
12.2852 70.3604 33
14.8867 77.2773 33
14.8867 77.2773 -33
15.0449 77.1807 0
15.2295 76.8818 0
15.1328 76.5566 0
14.2275 74.6670 0
13.5684 73.7881 0
13.5684 73.7881 33
14.5088 74.6758 33
14.5088 74.6758 -33
16.1875 75.1416 0
16.9961 75.2471 0
17.2686 74.9482 0
16.5566 74.0430 0
16.5566 74.0430 33
15.1504 74.0693 33
15.1504 74.0693 -33
15.5547 73.6211 0
15.5107 70.6416 0
15.3086 70.2637 0
14.3066 70.7471 0
14.3066 70.7471 33
13.9990 72.7773 33
13.9990 72.7773 -33
13.8408 72.1357 0
13.4893 71.3271 0
13.4893 71.3271 33
16.5215 72.8652 33
16.5215 72.8652 -33
17.5234 71.8984 0
17.7168 71.3535 0
17.7168 71.3535 33
23.4785 76.9258 33
23.4785 76.9258 -33
23.6982 76.7588 0
23.8740 76.4424 0
23.3203 74.0869 0
22.8984 72.8213 0
23.0654 72.6191 0
24.3926 71.7051 0
24.6123 71.4590 0
24.7266 71.1689 0
24.7266 71.1689 33
24.4277 74.8867 33
24.4277 74.8867 -33
24.6650 74.6582 0
24.7090 74.4297 0
24.4014 73.1729 0
23.9707 72.2412 0
23.2852 71.4502 0
22.8105 71.1162 0
22.2041 70.8525 0
22.2041 70.8525 33
21.5186 74.0166 33
21.5186 74.0166 -33
21.9404 73.8145 0
24.2783 74.3154 0
24.3398 74.4033 0
24.3398 74.4033 33
25.3330 75.7656 33
25.3330 75.7656 -33
25.8340 75.6602 0
26.9766 76.0820 0
27.5303 76.1172 0
27.7764 75.8799 0
26.9238 74.7021 0
26.8271 74.7109 0
26.8271 74.7109 33
26.3877 74.6582 33
26.3877 74.6582 -33
26.7920 74.3857 0
27.0381 73.7969 0
27.2490 72.5400 0
27.2314 71.4590 0
27.0820 70.8086 0
26.9062 70.5186 0
26.6953 70.3604 0
25.8428 70.7471 0
25.8428 70.7471 33
24.9463 73.3750 33
24.9463 73.3750 -33
25.4297 73.3135 0
28.5586 73.7529 0
29.4375 73.6211 0
29.4375 73.6211 33
34.5488 71.5820 33
34.5488 71.5820 -33
34.0215 70.5273 0
34.0215 70.5273 33
40.8115 76.9785 33
40.8115 76.9785 -33
41.6201 76.4951 0
41.8838 76.1172 0
41.8838 76.1172 33
38.9043 73.9463 33
38.9043 73.9463 -33
39.4316 73.9287 0
40.6270 74.4121 0
41.1191 74.4473 0
41.1982 74.3154 0
40.8643 71.6348 0
40.9346 71.3359 0
41.3740 71.4854 0
42.2266 72.2061 0
42.2266 72.2061 33
42.8682 75.9150 33
42.8682 75.9150 -33
43.4834 75.8887 0
45.1006 76.3105 0
45.5840 76.3193 0
45.5840 76.3193 33
42.9561 74.9395 33
42.9561 74.9395 -33
43.4746 74.9307 0
44.8281 75.2734 0
45.2412 75.2822 0
45.2412 75.2822 33
43.7471 77.2510 33
43.7471 77.2510 -33
44.0371 77.0488 0
44.1426 76.8555 0
44.0723 74.5264 0
43.9404 74.3418 0
43.9404 74.3418 33
41.8838 73.8672 33
41.8838 73.8672 -33
42.3408 73.8232 0
43.9668 74.1660 0
46.1201 74.4912 0
46.7705 74.3594 0
46.7705 74.3594 33
43.0000 73.3750 33
43.0000 73.3750 -33
43.2197 73.1816 0
43.2812 73.0146 0
43.2812 72.4873 0
42.9209 69.9648 0
42.9209 69.9648 33
43.4922 73.2695 33
43.4922 73.2695 -33
43.8877 73.2695 0
44.9248 73.5332 0
45.2676 73.3047 0
45.3555 70.3516 0
45.1445 69.9824 0
44.3096 70.3428 0
44.3096 70.3428 33
43.5010 72.2236 33
43.5010 72.2236 -33
43.5889 72.3203 0
44.1338 72.4609 0
44.6875 72.4521 0
44.6875 72.4521 33
43.4219 71.3447 33
43.4219 71.3447 -33
43.5186 71.4414 0
44.4238 71.6172 0
44.7490 71.5645 0
44.7490 71.5645 33
52.3477 76.8818 33
52.3477 76.8818 -33
53.1299 76.1699 0
53.1299 76.1699 33
51.2842 75.9326 33
51.2842 75.9326 -33
51.6709 75.5020 0
51.6973 75.0713 0
51.6533 72.3115 0
51.4424 70.9492 0
51.4600 70.4219 0
51.4600 70.4219 33
54.1055 76.4424 33
54.1055 76.4424 -33
54.6855 76.3896 0
55.6084 76.6270 0
56.4258 76.7324 0
56.6719 76.6533 0
56.8828 76.3809 0
56.9707 71.9688 0
56.9268 70.7646 0
56.7773 70.4219 0
56.3555 70.4922 0
55.4590 70.8350 0
55.4590 70.8350 33
52.7695 74.2451 33
52.7695 74.2451 -33
53.0771 73.8936 0
53.4023 72.2148 0
53.4023 72.2148 33
53.2705 74.2275 33
53.2705 74.2275 -33
53.5166 74.1396 0
54.7998 74.4473 0
55.1426 74.3945 0
55.3711 74.1660 0
55.1074 73.2695 0
54.8877 73.1113 0
54.8877 73.1113 33
53.5869 72.5664 33
53.5869 72.5664 -33
53.7012 72.6982 0
54.8701 72.8740 0
55.4238 72.8037 0
55.4238 72.8037 33
64.5430 77.3740 33
64.5430 77.3740 -33
64.8418 76.9785 0
64.6133 76.3809 0
63.9014 75.1943 0
63.1982 74.2891 0
62.6006 73.6738 0
61.6689 72.8828 0
61.0977 72.5225 0
61.0977 72.5225 33
65.0527 76.4160 33
65.0527 76.4160 -33
65.0527 76.2930 0
65.8789 75.3086 0
66.7051 74.3945 0
67.4170 73.7617 0
69.2451 73.3926 0
69.2451 73.3926 33
64.4111 74.4473 33
64.4111 74.4473 -33
65.0703 73.9111 0
65.2021 73.6914 0
65.2021 73.6914 33
62.9609 72.3379 33
62.9609 72.3379 -33
63.4971 72.1885 0
65.7646 72.7510 0
66.0107 72.7510 0
66.2129 72.6016 0
66.2744 72.5137 0
66.2305 72.3643 0
65.4219 70.7119 0
65.0703 70.1758 0
64.9297 69.7100 0
64.9297 69.7100 33
74.4355 76.1348 33
74.4355 76.1348 -33
75.1123 76.0732 0
77.3184 76.5127 0
77.9600 76.5391 0
77.9600 76.5391 33
73.1436 73.7002 33
73.1436 73.7002 -33
73.6621 73.6387 0
76.1318 74.0605 0
78.1533 74.3066 0
78.9443 74.1484 0
78.9443 74.1484 33
75.4199 75.8359 33
75.4199 75.8359 -33
75.8857 75.5635 0
75.6660 73.5244 0
75.2969 72.3555 0
75.0332 71.8984 0
74.5586 71.3887 0
73.4336 70.7646 0
72.7480 70.5537 0
72.7480 70.5537 33
76.0088 73.7881 33
76.0088 73.7881 -33
76.2549 73.2168 0
76.8086 72.3730 0
77.8457 71.0723 0
78.3467 70.6855 0
79.8936 70.3076 0
79.8936 70.3076 33
83.9678 75.3965 33
83.9678 75.3965 -33
84.4424 75.3174 0
86.9824 75.7305 0
89.5049 75.9941 0
90.3311 75.8271 0
90.3311 75.8271 33
86.7012 77.4004 33
86.7012 77.4004 -33
86.9385 77.0752 0
86.8242 76.5479 0
86.4639 75.3789 0
85.9629 74.3682 0
85.4619 73.6123 0
84.7764 72.8477 0
84.0557 72.2148 0
83.2998 71.6963 0
83.2998 71.6963 33
86.1914 74.2363 33
86.1914 74.2363 -33
86.2617 73.6826 0
86.2090 72.5840 0
86.0596 71.4326 0
85.8223 70.6416 0
85.7959 70.1406 0
85.7959 70.1406 33
86.4023 74.2539 33
86.4023 74.2539 -33
86.5781 74.1660 0
86.8242 74.2012 0
88.0723 74.5264 0
88.4590 74.2451 0
88.5205 70.2988 0
88.3623 70.0176 0
87.4043 70.4219 0
87.4043 70.4219 33
86.4287 72.9004 33
86.4287 72.9004 -33
86.5605 73.0059 0
87.3867 73.1729 0
87.7998 73.1377 0
87.7998 73.1377 33
86.3496 71.7930 33
86.3496 71.7930 -33
86.8066 71.9600 0
87.4219 72.0479 0
87.8262 71.9863 0
87.8262 71.9863 33
94.8096 76.0557 33
94.8096 76.0557 -33
95.0645 75.7305 0
95.1348 75.2734 0
95.1523 74.0781 0
95.0029 72.0039 0
95.0469 71.4062 0
95.0469 71.4062 33
95.3633 75.8623 33
95.3633 75.8623 -33
95.5127 75.8184 0
96.3652 76.0557 0
96.7080 75.8359 0
96.7344 72.9707 0
96.6289 71.7666 0
96.6641 71.3623 0
96.6641 71.3623 33
95.3633 73.7529 33
95.3633 73.7529 -33
95.6357 73.9463 0
96.1807 73.9639 0
96.1807 73.9639 33
95.2930 71.7051 33
95.2930 71.7051 -33
95.4336 71.8545 0
96.2334 71.9512 0
96.2334 71.9512 33
97.2529 74.6055 33
97.2529 74.6055 -33
97.7451 74.5264 0
100.9092 75.0625 0
101.6211 75.0010 0
101.6211 75.0010 33
99.5557 77.0752 33
99.5557 77.0752 -33
99.9863 76.6973 0
99.9248 75.1592 0
99.9951 70.9141 0
99.8105 70.3516 0
98.6504 70.7998 0
98.6504 70.7998 33
97.6484 73.4453 33
97.6484 73.4453 -33
98.4219 72.8477 0
98.5889 72.5137 0
98.5889 72.5137 33
107.1104 76.7939 33
107.1104 76.7939 -33
107.6816 76.3281 0
107.8750 76.0469 0
107.8750 76.0469 33
106.2314 76.1172 33
106.2314 76.1172 -33
106.6006 75.6953 0
106.6182 75.1240 0
106.5391 72.4873 0
106.3281 71.0459 0
106.3193 70.4395 0
106.3193 70.4395 33
108.7891 76.4863 33
108.7891 76.4863 -33
109.3691 76.4512 0
110.3184 76.6709 0
111.0918 76.7500 0
111.3467 76.6621 0
111.5576 76.4336 0
111.6104 70.8262 0
111.4170 70.3604 0
110.9072 70.5010 0
110.1777 70.8701 0
110.1777 70.8701 33
107.8311 74.6846 33
107.8311 74.6846 -33
108.0156 74.5088 0
108.0771 73.8408 0
107.9453 72.0303 0
107.9453 72.0303 33
108.2881 74.4561 33
108.2881 74.4561 -33
108.5430 74.5967 0
109.6855 74.8516 0
110.0371 74.6318 0
110.0898 72.8564 0
109.9580 72.2852 0
109.9932 71.8281 0
109.9932 71.8281 33
108.2881 73.3926 33
108.2881 73.3926 -33
108.3672 73.4805 0
108.9209 73.6035 0
109.3516 73.5771 0
109.3516 73.5771 33
108.2178 72.3467 33
108.2178 72.3467 -33
108.5254 72.4785 0
109.6943 72.5840 0
109.6943 72.5840 33
116.6074 74.9307 33
116.6074 74.9307 -33
116.8799 74.6934 0
116.9326 74.5264 0
117.2578 72.6367 0
117.2578 72.6367 33
117.1699 74.8691 33
117.1699 74.8691 -33
117.2754 74.8164 0
118.3213 75.1416 0
118.5586 75.0010 0
118.6377 74.9131 0
118.4443 73.8584 0
118.2422 73.7617 0
118.2422 73.7617 33
117.4248 73.1289 33
117.4248 73.1289 -33
117.5742 73.2871 0
118.1455 73.4453 0
118.7783 73.4277 0
118.7783 73.4277 33
119.5518 76.4248 33
119.5518 76.4248 -33
120.0439 76.3984 0
121.6172 76.7676 0
122.0391 76.4600 0
121.8545 75.6602 0
121.6787 74.2275 0
121.4678 73.7090 0
121.4678 73.7090 33
119.7012 75.7832 33
119.7012 75.7832 -33
120.0000 75.4229 0
119.9297 73.2783 0
122.6191 73.6826 0
122.8564 73.6123 0
123.0850 73.3662 0
122.6631 70.8965 0
122.4258 70.3340 0
122.1973 70.1494 0
122.1094 70.1758 0
121.1865 70.7207 0
121.1865 70.7207 33
118.0225 71.6787 33
118.0225 71.6787 -33
118.5146 71.5732 0
121.6348 72.1357 0
122.2764 71.9688 0
122.2764 71.9688 33
127.9766 76.6797 33
127.9766 76.6797 -33
128.5039 77.6465 0
129.5586 77.9102 0
130.3496 77.4707 0
130.5254 76.6797 0
130.2617 75.8887 0
129.4707 75.0098 0
129.1191 74.1309 0
129.1191 74.1309 33
129.0312 71.4941 33
129.0312 71.4941 -33
129.2070 71.4941 0
129.2070 71.4941 33
